"cluster"	"degree"	"betweenness"	"sHACK"	"CS"	"HS"	"SS"	"within_group_propensity"	"across_group_propensity"	"species"
"Rothia_aeria"	2	43	0	0.865461847389558	0.901369863013699	0.902957861597142	0.435359310217974	0.375	0.0643564356435644	"Rothia_aeria"
"Leptotrichia_buccalis"	3	38	35.883704015283	0.961847389558233	0.872602739726027	0.742367762507316	0.918895035146531	0.21875	0.0860215053763441	"Leptotrichia_buccalis"
"Butyrivibrio_hungatei"	4	8	0	0.56425702811245	0	0.682146071724082	0.814690076872081	0.0806451612903226	0.0136363636363636	"Butyrivibrio_hungatei"
"Actinomyces_odontolyticus"	4	27	111.400751879699	0.947791164658635	0.958904109589041	0.73572864321608	0.761200684883784	0.209677419354839	0.0590909090909091	"Actinomyces_odontolyticus"
"Veillonella_dispar"	1	45	0	0.612449799196787	0.980821917808219	0.177238804464088	0.59439898877657	0.6	0.0867768595041322	"Veillonella_dispar"
"Prevotella_pallens"	4	26	74.1275703162244	0.98995983935743	0.994520547945206	0.817064640471433	0.968551124050972	0.161290322580645	0.0636363636363636	"Prevotella_pallens"
"Prevotella_baroniae"	3	33	0	0.70281124497992	0.591780821917808	0.347384815644487	0.615478526941853	0.322916666666667	0.010752688172043	"Prevotella_baroniae"
"Treponema_denticola"	3	44	9.18317787285179	0.742971887550201	0.757534246575343	0.640433997295715	0.366528539136995	0.375	0.0376344086021505	"Treponema_denticola"
"Eubacterium_saphenum"	3	31	0	0.556224899598394	0.621917808219178	0.0907080583641097	0.487577028283341	0.270833333333333	0.0268817204301075	"Eubacterium_saphenum"
"Eubacterium_brachy"	3	45	28.7396877399957	0.748995983935743	0.741095890410959	0.691732053843515	0.353227319615594	0.416666666666667	0.0161290322580645	"Eubacterium_brachy"
"Porphyromonas_endodontalis"	3	66	101.222405814361	0.793172690763052	0.836986301369863	0.444754293556134	0.65605390044793	0.541666666666667	0.0537634408602151	"Porphyromonas_endodontalis"
"Eubacterium_yurii"	2	17	22.2483700510016	0.973895582329317	0.76986301369863	0.981215918952191	0.934342997488828	0.1	0.0396039603960396	"Eubacterium_yurii"
"Prevotella_shahii"	2	11	93.2342833092833	0.975903614457831	0.80958904109589	0.861951423785595	0.974180955546584	0.125	0	"Prevotella_shahii"
"Prevotella_denticola"	3	56	294.699453218898	0.825301204819277	0.821917808219178	0.456750216948195	0.729917211412483	0.395833333333333	0.0645161290322581	"Prevotella_denticola"
"Prevotella_scopos"	2	1	0	0.592369477911647	0	0.858949466206535	0.919036794660782	0	0	"Prevotella_scopos"
"Actinomyces_oris"	3	7	37.88765777398	0.487951807228916	0.645205479452055	0.225887166757482	0.167204178279079	0.0520833333333333	0.00537634408602151	"Actinomyces_oris"
"Dialister_invisus"	3	67	128.275872922526	0.849397590361446	0.857534246575342	0.551573328489839	0.621260745653002	0.5	0.0860215053763441	"Dialister_invisus"
"Granulicatella_adiacens"	2	1	0	0.238955823293173	0.720547945205479	0.0417757462008839	0.190402161213507	0	0	"Granulicatella_adiacens"
"Prevotella_enoeca"	3	32	49.1555745456851	0.811244979919679	0.505479452054794	0.589867005711287	0.733409024020595	0.260416666666667	0.010752688172043	"Prevotella_enoeca"
"Lachnoanaerobaculum_orale"	1	17	4.39986468851875	0.672690763052209	0.845205479452055	0.213770156000888	0.781547767569737	0.15	0.0330578512396694	"Lachnoanaerobaculum_orale"
"Orientia_tsutsugamushi"	4	10	1	0.921686746987952	0.591780821917808	0.956406631551331	0.860571526272323	0.0483870967741935	0.0227272727272727	"Orientia_tsutsugamushi"
"Mogibacterium_diversum"	4	2	0.1	0.808232931726908	0.552054794520548	0.523223446550019	0.834319528497336	0.0161290322580645	0	"Mogibacterium_diversum"
"Actinomyces_meyeri"	3	5	2.73763736263736	0.903614457831325	0.645205479452055	0.656641541038526	0.816437718555124	0.0416666666666667	0	"Actinomyces_meyeri"
"Bergeyella_zoohelcum"	4	12	7.06114718614719	0.718875502008032	0.423287671232877	0.606995217049101	0.456336870463577	0	0.0409090909090909	"Bergeyella_zoohelcum"
"Capnocytophaga_leadbetteri"	2	23	0	0.951807228915663	0.901369863013699	0.706367580876269	0.847740955671633	0.225	0.0247524752475248	"Capnocytophaga_leadbetteri"
"Prevotella_salivae"	1	35	320.619141031396	0.933734939759036	1	0.629500615527436	0.862691090220211	0.35	0.0661157024793388	"Prevotella_salivae"
"Actinobaculum_massiliense"	3	12	14.642667420299	0.325301204819277	0	0.351173639280741	0.361341170117066	0.09375	0.00537634408602151	"Actinobaculum_massiliense"
"Eubacterium_nodatum"	3	36	39.3260316651486	0.710843373493976	0.693150684931507	0.633081370708967	0.333944120269551	0.260416666666667	0.021505376344086	"Eubacterium_nodatum"
"Anaeroglobus_geminatus"	3	31	20.5457589671624	0.837349397590361	0.706849315068493	0.551405017053137	0.556476727766052	0.270833333333333	0.010752688172043	"Anaeroglobus_geminatus"
"Olsenella_uli"	3	29	88.3029663490341	0.78714859437751	0.591780821917808	0.510680208270267	0.512020898270495	0.208333333333333	0.0161290322580645	"Olsenella_uli"
"Prevotella_veroralis"	3	17	69.1425832422205	0.979919678714859	0.916438356164384	0.813351799156425	0.988286548093493	0.0416666666666667	0.0483870967741935	"Prevotella_veroralis"
"Dialister_propionicifaciens"	1	4	0.166666666666667	0.289156626506024	0	0.750691106133075	0.312768821379363	0	0.012396694214876	"Dialister_propionicifaciens"
"Rothia_dentocariosa"	3	25	80.2362873060443	0.594377510040161	0.887671232876712	0.512043147464229	0.176748609529591	0.0729166666666667	0.0806451612903226	"Rothia_dentocariosa"
"Mycoplasma_faucium"	3	13	2.83356782106782	0.668674698795181	0.505479452054794	0.488877015600089	0.355193433123164	0.09375	0.00537634408602151	"Mycoplasma_faucium"
"Prevotella_dentalis"	3	20	19.1961532102702	0.347389558232932	0	0.571905208774798	0.36132783019422	0.135416666666667	0	"Prevotella_dentalis"
"Peptococcus_niger"	2	18	20.7048552754435	0.905622489959839	0.645205479452055	0.658801638715667	0.774189525681193	0.05	0.0643564356435644	"Peptococcus_niger"
"Treponema_refringens"	2	16	204.007731876353	0.580321285140562	0	0.756075053984783	0.800501113462093	0.1125	0.0148514851485149	"Treponema_refringens"
"Treponema_pedis"	3	21	15.6015076568785	0.771084337349398	0.505479452054794	0.760590906338924	0.49720341425475	0.145833333333333	0.00537634408602151	"Treponema_pedis"
"Campylobacter_curvus"	3	16	34.6874872324543	0.491967871485944	0	0.760863252002987	0.560516490446324	0.104166666666667	0.010752688172043	"Campylobacter_curvus"
"Streptococcus_pneumoniae"	2	18	3.45	0.560240963855422	0.757534246575343	0.104546830538233	0.468409619186266	0.1625	0.0198019801980198	"Streptococcus_pneumoniae"
"Schwartzia_succinivorans"	3	32	209.167648048148	0.614457831325301	0.671232876712329	0.22211156182519	0.508542883834074	0.239583333333333	0.00537634408602151	"Schwartzia_succinivorans"
"Prevotella_marshii"	3	26	24.9527042894177	0.608433734939759	0.423287671232877	0.255919456721358	0.609407056484288	0.197916666666667	0.00537634408602151	"Prevotella_marshii"
"Treponema_parvum"	3	38	84.9052181361611	0.13855421686747	0	0.189473572682691	0.634645695579127	0.239583333333333	0.0161290322580645	"Treponema_parvum"
"Lautropia_mirabilis"	2	46	285.203348640316	0.676706827309237	0.908219178082192	0.427791366470909	0.394456258866431	0.3125	0.0841584158415842	"Lautropia_mirabilis"
"Neisseria_sicca"	2	6	0	0.600401606425703	0.505479452054794	0.811615103630603	0.189783952474685	0.075	0	"Neisseria_sicca"
"Planobacterium_taklimakanense"	2	10	0	0.85140562248996	0.621917808219178	0.552100260337834	0.76590995426541	0.125	0	"Planobacterium_taklimakanense"
"Actinomyces_gerencseriae"	3	14	76.5414281447368	0.662650602409639	0.552054794520548	0.524816451736595	0.313104068304692	0.0729166666666667	0.0161290322580645	"Actinomyces_gerencseriae"
"Neisseria_shayeganii"	2	6	0.2	0.77710843373494	0.423287671232877	0.751955056406531	0.666368164675514	0.025	0.00495049504950495	"Neisseria_shayeganii"
"Selenomonas_noxia"	3	32	242.843195559829	0.732931726907631	0.80958904109589	0.389660249036346	0.567862230531559	0.208333333333333	0.0268817204301075	"Selenomonas_noxia"
"Bifidobacterium_dentium"	1	17	129.994660608999	0.0120481927710843	0	0.0391647999031301	0.640732907506566	0.175	0.0247933884297521	"Bifidobacterium_dentium"
"Lactobacillus_johnsonii"	1	7	0	0.00803212851405622	0	0.0800320881516014	0.0322706134830181	0.125	0.00826446280991736	"Lactobacillus_johnsonii"
"Veillonella_rogosae"	2	8	0	0.981927710843373	0.83013698630137	0.954500312809025	0.888058643412226	0.1	0	"Veillonella_rogosae"
"Haemophilus_parainfluenzae"	2	19	184.17636872931	0.971887550200803	0.975342465753425	0.998191257492281	0.749326496933172	0.15	0.0099009900990099	"Haemophilus_parainfluenzae"
"Actinobacillus_rossii"	2	1	0	0.746987951807229	0.423287671232877	0.853108918084398	0.531794893972754	0.0125	0	"Actinobacillus_rossii"
"Porphyromonas_gingivalis"	3	38	205.230158806454	0.907630522088353	0.720547945205479	0.623742003188634	0.775701531538372	0.21875	0.0376344086021505	"Porphyromonas_gingivalis"
"Streptococcus_sobrinus"	1	6	5.67582006122607	0.48995983935743	0	0.666076365764566	0.560346976041113	0.05	0.00413223140495868	"Streptococcus_sobrinus"
"Bacteroides_intestinalis"	2	3	11.2791666666667	0.765060240963855	0.423287671232877	0.640354382353535	0.701655951280078	0.025	0	"Bacteroides_intestinalis"
"Filifactor_alocis"	3	45	409.907323507694	0.736947791164659	0.782191780821918	0.366305422695808	0.623174629771452	0.291666666666667	0.0268817204301075	"Filifactor_alocis"
"Ornatilinea_apprima"	4	5	0	0.495983935742972	0	0.563333938770156	0.685245501815415	0	0.0227272727272727	"Ornatilinea_apprima"
"Mycoplasma_feliminutum"	4	2	0	0.410642570281124	0	0.432126495933483	0.797004221299094	0	0.00909090909090909	"Mycoplasma_feliminutum"
"Odoribacter_denticanis"	4	9	0.342089371980676	0.55421686746988	0	0.778687715686868	0.664680641703659	0	0.0136363636363636	"Odoribacter_denticanis"
"Bacteroides_heparinolyticus"	3	9	2.51955058830059	0.502008032128514	0	0.570862949284575	0.621367117910828	0.0208333333333333	0.00537634408602151	"Bacteroides_heparinolyticus"
"Lachnoanaerobaculum_saburreum"	3	28	483.654627636184	0.957831325301205	0.845205479452055	0.895327844039475	0.7397308540994	0.15625	0.0268817204301075	"Lachnoanaerobaculum_saburreum"
"Brachymonas_denitrificans"	2	15	137.747718997425	0.827309236947791	0.591780821917808	0.525975056002906	0.797259212583038	0.075	0.0099009900990099	"Brachymonas_denitrificans"
"Prevotella_paludivivens"	3	14	2.04717178956309	0.562248995983936	0	0.680596859801013	0.778283103321928	0.0625	0.010752688172043	"Prevotella_paludivivens"
"Streptococcus_gordonii"	3	14	17.3452571937866	0.536144578313253	0.797260273972603	0.321693911323687	0.155068519860901	0.0416666666666667	0.043010752688172	"Streptococcus_gordonii"
"Leptotrichia_hofstadii"	3	13	37.5999935951156	0.959839357429719	0.749315068493151	0.864482956953442	0.847414838134678	0.03125	0.021505376344086	"Leptotrichia_hofstadii"
"Campylobacter_mucosalis"	4	4	0.1	0.550200803212851	0	0.655081330346512	0.691586959565181	0.0161290322580645	0	"Campylobacter_mucosalis"
"Streptococcus_sanguinis"	2	40	243.831490371987	0.821285140562249	0.947945205479452	0.903559564892737	0.366267883325681	0.1875	0.099009900990099	"Streptococcus_sanguinis"
"Fusobacterium_periodonticum"	2	26	472.053424296077	1	0.991780821917808	0.983127787532038	0.999293530337027	0.175	0.0148514851485149	"Fusobacterium_periodonticum"
"Moraxella_lacunata"	4	2	0	0.449799196787149	0	0.7443349276503	0.464515410110887	0	0.00909090909090909	"Moraxella_lacunata"
"Eubacterium_minutum"	3	8	0.412175324675325	0.246987951807229	0	0.277329720893625	0.746640299127474	0.0625	0	"Eubacterium_minutum"
"Desulfomicrobium_orale"	4	4	0	0.473895582329317	0	0.944049766906823	0.51946144654995	0	0	"Desulfomicrobium_orale"
"Campylobacter_showae"	2	11	120.483999578853	0.963855421686747	0.757534246575343	0.879862868559666	0.908769614459707	0.0375	0.0247524752475248	"Campylobacter_showae"
"Tannerella_forsythia"	3	57	1336.56137210741	0.843373493975904	0.947945205479452	0.407582692579363	0.877870211338813	0.333333333333333	0.0376344086021505	"Tannerella_forsythia"
"Natranaerovirga_hydrolytica"	4	1	0	0.529116465863454	0	0.621082420132792	0.626448594985018	0	0.00454545454545455	"Natranaerovirga_hydrolytica"
"Kingella_potus"	2	3	0	0.602409638554217	0.423287671232877	0.835152166454764	0.248081578005443	0	0	"Kingella_potus"
"Capnocytophaga_granulosa"	2	27	347.661847583414	0.785140562248996	0.782191780821918	0.373532017517305	0.866946558701813	0.1125	0.0594059405940594	"Capnocytophaga_granulosa"
"Neisseria_oralis"	2	21	146.114541488211	0.917670682730924	0.671232876712329	0.729550261346895	0.701335023207965	0.15	0.0148514851485149	"Neisseria_oralis"
"Soonwooa_buanensis"	2	6	128.310256410256	0.779116465863454	0.423287671232877	0.769282355552865	0.672875367976724	0.05	0.00495049504950495	"Soonwooa_buanensis"
"Leptotrichia_hongkongensis"	3	38	981.883073788722	0.927710843373494	0.80958904109589	0.637858973582773	0.816447801475442	0.125	0.0752688172043011	"Leptotrichia_hongkongensis"
"Gemella_haemolysans"	2	13	111.267832167832	0.682730923694779	0.908219178082192	0.542300357207725	0.356027949288624	0.1125	0.00495049504950495	"Gemella_haemolysans"
"Gemella_palaticanis"	4	3	0.2	0.365461847389558	0	0.385718249883958	0.644244890467249	0	0.00909090909090909	"Gemella_palaticanis"
"Slackia_exigua"	3	17	450.266724739742	0.654618473895582	0.552054794520548	0.294101430849024	0.794564672337108	0.104166666666667	0.0161290322580645	"Slackia_exigua"
"Streptococcus_oralis"	2	10	32.6406497381561	0.572289156626506	0.836986301369863	0.470075175072148	0.124882601138353	0.05	0.00495049504950495	"Streptococcus_oralis"
"Desulfovibrio_fairfieldensis"	1	19	5.80401298758076	0.373493975903614	0	0.397704082662308	0.500247589379844	0	0.0371900826446281	"Desulfovibrio_fairfieldensis"
"Prevotella_multisaccharivorax"	1	9	88.2508215841326	0.070281124497992	0	0.137223365825109	0.176604279149249	0	0.012396694214876	"Prevotella_multisaccharivorax"
"Streptococcus_sinensis"	2	2	0.142857142857143	0.339357429718876	0	0.820972735161753	0.357164444457417	0.0125	0	"Streptococcus_sinensis"
"Desulfobulbus_propionicus"	3	17	9.95972279771748	0.299196787148594	0	0.368335654174487	0.322188029116127	0.0833333333333333	0	"Desulfobulbus_propionicus"
"Cardiobacterium_valvarum"	2	23	83.6774021879335	0.949799196787149	0.706849315068493	0.871311678876309	0.824407781018796	0.0625	0.0495049504950495	"Cardiobacterium_valvarum"
"Prevotella_pleuritidis"	3	21	55.384689030727	0.751004016064257	0.621917808219178	0.838305281427216	0.390364999230828	0.0833333333333333	0	"Prevotella_pleuritidis"
"Howardella_ureilytica"	1	15	101.823216870867	0.0180722891566265	0	0.05607202680067	0.322994943866731	0.025	0.0330578512396694	"Howardella_ureilytica"
"Propionibacterium_acidifaciens"	1	4	3.92424242424242	0.192771084337349	0	0.232933341405824	0.507403386024777	0.05	0.00413223140495868	"Propionibacterium_acidifaciens"
"Parascardovia_denticolens"	1	12	380.074022444543	0.311244979919679	0	0.327370083348469	0.334108392205898	0.125	0.0206611570247934	"Parascardovia_denticolens"
"Streptobacillus_moniliformis"	2	24	323.376988584003	0.91566265060241	0.621917808219178	0.862795705434805	0.761014437646868	0.0625	0.0247524752475248	"Streptobacillus_moniliformis"
"Selenomonas_ruminantium"	1	10	70.0735207085897	0.429718875502008	0	0.596874936933664	0.445854347554825	0.05	0.0206611570247934	"Selenomonas_ruminantium"
"Eubacterium_sulci"	2	17	417.504947878575	0.983935742971888	0.894520547945206	0.829147746765958	0.995550013841472	0.0625	0.0247524752475248	"Eubacterium_sulci"
"Desulfobulbus_rhabdoformis"	1	13	21.9010429184342	0.512048192771084	0	0.642707412564832	0.592564939291405	0	0.0206611570247934	"Desulfobulbus_rhabdoformis"
"Streptococcus_parasanguinis"	1	20	177.113345264781	0.688755020080321	0.923287671232877	0.38798238178846	0.491703440381675	0.175	0.0247933884297521	"Streptococcus_parasanguinis"
"Rothia_mucilaginosa"	4	9	0	0.660642570281124	0.958904109589041	0.648956428729995	0.248437642328803	0.0806451612903226	0.0181818181818182	"Rothia_mucilaginosa"
"Prevotella_oralis"	3	20	178.746854351278	0.558232931726908	0.591780821917808	0.269938245444088	0.202998483783397	0.135416666666667	0	"Prevotella_oralis"
"Actinomyces_graevenitzii"	4	22	134.754256686763	0.991967871485944	0.965753424657534	0.913006296542956	0.847138018157927	0.0806451612903226	0.0363636363636364	"Actinomyces_graevenitzii"
"Alloprevotella_rava"	2	11	183.579684065424	0.985943775100402	0.850684931506849	0.872211055276382	0.871231516550112	0.025	0.0099009900990099	"Alloprevotella_rava"
"Actinobacillus_porcinus"	2	3	0	0.271084337349398	0	0.294943391657081	0.874707064085421	0	0	"Actinobacillus_porcinus"
"Atopobium_parvulum"	1	36	700.659389708246	0.879518072289157	0.997260273972603	0.453583984177918	0.92838633048324	0.275	0.0495867768595041	"Atopobium_parvulum"
"Anaerovorax_odorimutans"	2	5	6.89471084471085	0.333333333333333	0	0.741905915117757	0.35476019740355	0.025	0	"Anaerovorax_odorimutans"
"Treponema_amylovorum"	3	34	175.772981534676	0.84136546184739	0.683561643835616	0.709223930899477	0.490663080644954	0.135416666666667	0.0161290322580645	"Treponema_amylovorum"
"Prevotella_nanceiensis"	2	11	171.101235894122	0.823293172690763	0.958904109589041	0.430132187039616	0.777970595648209	0.0625	0	"Prevotella_nanceiensis"
"Wolinella_succinogenes"	3	19	15.6019516975399	0.134538152610442	0	0.778687715686868	0.186167743123024	0.0625	0.0161290322580645	"Wolinella_succinogenes"
"Shuttleworthia_satelles"	3	20	38.1821487822164	0.883534136546185	0.645205479452055	0.720643680248633	0.601992312378595	0.114583333333333	0.00537634408602151	"Shuttleworthia_satelles"
"Treponema_lecithinolyticum"	3	19	35.7786582211505	0.813253012048193	0.591780821917808	0.901161530544288	0.510796527626864	0.104166666666667	0	"Treponema_lecithinolyticum"
"Streptococcus_intermedius"	1	10	9.0975393400316	0.0963855421686747	0	0.497912050210894	0.149477745036684	0	0.0165289256198347	"Streptococcus_intermedius"
"Treponema_socranskii"	3	48	362.302408118598	0.799196787148594	0.797260273972603	0.769056628524147	0.403096704046538	0.260416666666667	0.021505376344086	"Treponema_socranskii"
"Pyramidobacter_piscolens"	1	6	2.85021367521367	0.122489959839357	0	0.49558545740752	0.175378771487744	0	0.0206611570247934	"Pyramidobacter_piscolens"
"Dialister_pneumosintes"	3	39	119.236537979055	0.630522088353414	0.720547945205479	0.31713355936308	0.380146010522824	0.166666666666667	0	"Dialister_pneumosintes"
"Bacteroides_zoogleoformans"	4	8	0	0.305220883534137	0	0.794604851567072	0.324082391502679	0	0.0363636363636364	"Bacteroides_zoogleoformans"
"Selenomonas_flueggei"	3	10	44.7234657891326	0.570281124497992	0.591780821917808	0.0638824645314928	0.778428625115811	0.03125	0.0161290322580645	"Selenomonas_flueggei"
"Peptostreptococcus_stomatis"	2	22	365.064777460078	0.744979919678715	0.947945205479452	0.241425702811245	0.892294784793665	0.0625	0.0495049504950495	"Peptostreptococcus_stomatis"
"Lactobacillus_reuteri"	1	7	2.84285714285714	0.0582329317269076	0	0.133704466105629	0.127849139117037	0.075	0.012396694214876	"Lactobacillus_reuteri"
"Butyrivibrio_fibrisolvens"	4	4	1.04166666666667	0.769076305220884	0.423287671232877	0.858649875885451	0.65152282285642	0.0161290322580645	0	"Butyrivibrio_fibrisolvens"
"Mycoplasma_salivarium"	3	13	4.17479305610111	0.35140562248996	0	0.733419809892838	0.362098401305964	0.0729166666666667	0.00537634408602151	"Mycoplasma_salivarium"
"Mobiluncus_curtisii"	4	8	70.882977900236	0.437751004016064	0	0.455813505277391	0.552430665647988	0.032258064516129	0.00454545454545455	"Mobiluncus_curtisii"
"Prevotella_aurantiaca"	2	12	130.767946506319	0.953815261044177	0.671232876712329	0.942235777279974	0.944039679476739	0.0375	0.00495049504950495	"Prevotella_aurantiaca"
"Leptotrichia_shahii"	2	19	222.260058445467	0.79718875502008	0.76986301369863	0.442506912070392	0.683515612656499	0.0625	0.0198019801980198	"Leptotrichia_shahii"
"Capnocytophaga_ochracea"	3	49	787.309208571858	0.845381526104418	0.887671232876712	0.534028677524167	0.645360891296053	0.1875	0.0537634408602151	"Capnocytophaga_ochracea"
"Azospira_oryzae"	4	2	0	0.162650602409639	0	0.432126495933483	0.214247147829985	0	0.00909090909090909	"Azospira_oryzae"
"Gemella_sanguinis"	2	17	311.523209885169	0.911646586345382	0.912328767123288	0.541950515630361	0.925502850590598	0.05	0.0099009900990099	"Gemella_sanguinis"
"Prevotella_intermedia"	3	43	243.143490063741	0.6285140562249	0.741095890410959	0.140135113317592	0.720737616996419	0.145833333333333	0	"Prevotella_intermedia"
"Porphyromonas_uenonis"	1	5	0	0.259036144578313	0	0.478739076910658	0.289511257862721	0	0.0165289256198347	"Porphyromonas_uenonis"
"Prevotella_fusca"	3	5	0.2625	0.540160642570281	0	0.922543742810438	0.635826066216945	0.0104166666666667	0	"Prevotella_fusca"
"Selenomonas_sputigena"	3	54	1060.70709537894	0.644578313253012	0.882191780821918	0.0893065730257714	0.94895437913113	0.322916666666667	0.0161290322580645	"Selenomonas_sputigena"
"Actinomyces_hyovaginalis"	4	1	0	0.652610441767068	0.423287671232877	0.351173639280741	0.522369660776203	0	0.00454545454545455	"Actinomyces_hyovaginalis"
"Bulleidia_extructa"	3	19	25.9942325345643	0.598393574297189	0.505479452054794	0.20745040463361	0.459357196250483	0.0729166666666667	0	"Bulleidia_extructa"
"Haemophilus_parahaemolyticus"	2	7	69.2777777777778	0.835341365461847	0.591780821917808	0.531754354099816	0.787348686654532	0.025	0	"Haemophilus_parahaemolyticus"
"Actinobacillus_minor"	4	1	0	0.397590361445783	0	0.432126495933483	0.46099703117192	0	0.00454545454545455	"Actinobacillus_minor"
"Alloprevotella_tannerae"	3	33	243.246461094403	0.833333333333333	0.80958904109589	0.452441827611955	0.748461619141321	0.15625	0	"Alloprevotella_tannerae"
"Actinomyces_georgiae"	3	15	29.5173034467045	0.753012048192771	0.671232876712329	0.771372827995399	0.36573732237012	0.03125	0	"Actinomyces_georgiae"
"Streptococcus_oligofermentans"	4	5	0	0.64859437751004	0.552054794520548	0.531190187887227	0.269699030412945	0	0.00454545454545455	"Streptococcus_oligofermentans"
"Actinomyces_lingnae"	4	25	333.390605305465	0.795180722891566	0.938356164383562	0.581682206211782	0.485116694556557	0.0806451612903226	0.0363636363636364	"Actinomyces_lingnae"
"Corynebacterium_argentoratense"	4	1	0	0.184738955823293	0	0.312309236947791	0.223851424289886	0.0161290322580645	0	"Corynebacterium_argentoratense"
"Lactobacillus_salivarius"	1	8	40.6493431857322	0.0160642570281124	0	0.0502365239853888	0.415415769534192	0.075	0.00826446280991736	"Lactobacillus_salivarius"
"Prevotella_maculosa"	3	31	227.699942116062	0.873493975903614	0.76986301369863	0.520026740126334	0.871203410901681	0.125	0	"Prevotella_maculosa"
"Sporanaerobacter_acetigenes"	4	2	0	0.526104417670683	0	0.621082420132792	0.864530014311152	0	0.00909090909090909	"Sporanaerobacter_acetigenes"
"Haemophilus_influenzae"	2	11	169.97033146592	0.72289156626506	0.741095890410959	0.411153256241045	0.491960823903474	0.05	0.00495049504950495	"Haemophilus_influenzae"
"Capnocytophaga_haemolytica"	2	5	0	0.863453815261044	0.505479452054794	0.974584468527376	0.752512447938277	0	0	"Capnocytophaga_haemolytica"
"Clostridium_aminobutyricum"	4	6	4.80023032523033	0.518072289156627	0	0.909718270065185	0.602030320043748	0	0.0136363636363636	"Clostridium_aminobutyricum"
"Porphyromonas_gulae"	2	5	0.0625	0.321285140562249	0	0.347889850860729	0.720439384481336	0	0.0099009900990099	"Porphyromonas_gulae"
"Veillonella_parvula"	4	13	98.0121589779703	0.855421686746988	0.878082191780822	0.454220298278541	0.822558704688098	0.0161290322580645	0.0363636363636364	"Veillonella_parvula"
"Actinomyces_cardiffensis"	3	25	155.232522873261	0.172690763052209	0	0.218332828802648	0.594944295587047	0.0729166666666667	0	"Actinomyces_cardiffensis"
"Capnocytophaga_sputigena"	2	18	194.794197005399	0.877510040160643	0.901369863013699	0.464688200036326	0.918607129825082	0.05	0.0148514851485149	"Capnocytophaga_sputigena"
"Simonsiella_muelleri"	2	1	0	0.588353413654618	0	0.869310508365119	0.830453410867604	0.0125	0	"Simonsiella_muelleri"
"Mobiluncus_mulieris"	4	10	42.4325779733654	0.57429718875502	0	0.728544227159896	0.757312929497302	0.0161290322580645	0.0136363636363636	"Mobiluncus_mulieris"
"Lactobacillus_vaginalis"	1	8	1.11136363636364	0.200803212851406	0	0.242684305059434	0.366219404047021	0.025	0.0206611570247934	"Lactobacillus_vaginalis"
"Mycoplasma_orale"	2	6	3.19285714285714	0.534136546184739	0	0.69674688704567	0.626256605323045	0.025	0.00495049504950495	"Mycoplasma_orale"
"Treponema_medium"	3	43	134.627994330631	0.666666666666667	0.83013698630137	0.38014288309015	0.437883780471918	0.125	0	"Treponema_medium"
"Selenomonas_infelix"	3	38	509.445429901145	0.740963855421687	0.76986301369863	0.301142459284374	0.801867886787957	0.114583333333333	0.032258064516129	"Selenomonas_infelix"
"Leptotrichia_goodfellowii"	2	12	39.698743748298	0.937751004016064	0.76986301369863	0.693390446206938	0.858580426644771	0.0125	0.0396039603960396	"Leptotrichia_goodfellowii"
"Selenomonas_bovis"	1	15	210.629637924106	0.508032128514056	0	0.586958083590644	0.605269215086643	0.05	0.0247933884297521	"Selenomonas_bovis"
"Lactobacillus_fermentum"	1	13	233.78634184443	0.00200803212851406	0	0.00612449799196787	0.198635959848403	0.15	0.00413223140495868	"Lactobacillus_fermentum"
"Lactobacillus_crispatus"	1	1	0	0.0441767068273092	0	0.112695102016105	0.489973173503459	0.025	0	"Lactobacillus_crispatus"
"Neisseria_elongata"	2	17	342.249787791664	0.967871485943775	0.80958904109589	0.915321486952836	0.821755441735963	0.0875	0.00495049504950495	"Neisseria_elongata"
"Oribacterium_sinus"	4	25	520.796621768853	0.941767068273092	0.916438356164384	0.627201771911768	0.959597185294522	0.0806451612903226	0.0227272727272727	"Oribacterium_sinus"
"Solobacterium_moorei"	2	13	79.2857475857476	0.869477911646586	0.932876712328767	0.429113539585478	0.976038406352647	0.0125	0.0148514851485149	"Solobacterium_moorei"
"Eggerthia_catenaformis"	3	19	23.3525274661649	0.730923694779116	0.423287671232877	0.588445742770075	0.498016115010628	0.03125	0	"Eggerthia_catenaformis"
"Clostridium_ultunense"	4	5	0.177777777777778	0.485943775100402	0	0.548086012391274	0.838221600557352	0	0.0136363636363636	"Clostridium_ultunense"
"Granulicatella_elegans"	2	11	296.689524772613	0.716867469879518	0.757534246575343	0.385539545115134	0.531820247473716	0.075	0	"Granulicatella_elegans"
"Campylobacter_concisus"	4	29	630.693980566872	0.995983935742972	0.965753424657534	0.946760206655769	0.887426757778014	0.0645161290322581	0.0409090909090909	"Campylobacter_concisus"
"Prevotella_melaninogenica"	4	13	82.8469023026782	0.987951807228916	0.984931506849315	0.818661883715768	0.940485937799142	0	0.0227272727272727	"Prevotella_melaninogenica"
"Megasphaera_micronuciformis"	1	31	766.322997693706	0.819277108433735	0.989041095890411	0.351840225222498	0.929408179264573	0.175	0.0206611570247934	"Megasphaera_micronuciformis"
"Cryptobacterium_curtum"	1	17	687.733448741955	0.586345381526104	0.423287671232877	0.194174890516841	0.444352738672469	0.05	0.0247933884297521	"Cryptobacterium_curtum"
"Abiotrophia_defectiva"	2	19	129.232791576142	0.708835341365462	0.782191780821918	0.293883069968315	0.712354243486311	0.05	0	"Abiotrophia_defectiva"
"Neisseria_macacae"	2	1	0	0.36144578313253	0	0.621082420132792	0.381289681321726	0.0125	0	"Neisseria_macacae"
"Gemella_morbillorum"	2	15	287.32365077714	0.686746987951807	0.841095890410959	0.452213073399124	0.403868682530692	0.0375	0.0148514851485149	"Gemella_morbillorum"
"Haemophilus_sputorum"	2	17	209.278664369686	0.899598393574297	0.731506849315068	0.979807269278117	0.594375626871922	0.075	0	"Haemophilus_sputorum"
"Veillonella_atypica"	1	17	23.8598164798165	0.634538152610442	0.947945205479452	0.0915222699844604	0.842033325300461	0.075	0.00826446280991736	"Veillonella_atypica"
"Actinomyces_timonensis"	3	5	15.5013811380191	0.0823293172690763	0	0.143042017315493	0.570713387728951	0.0104166666666667	0	"Actinomyces_timonensis"
"Campylobacter_gracilis"	3	32	278.716055917245	0.801204819277108	0.857534246575342	0.762024681641137	0.407490421258259	0.177083333333333	0	"Campylobacter_gracilis"
"Propionibacterium_acnes"	4	2	0	0.63855421686747	0.423287671232877	0.698030211297451	0.313212199579676	0	0.00909090909090909	"Propionibacterium_acnes"
"Streptococcus_australis"	4	1	0	0.897590361445783	0.645205479452055	0.903754212831224	0.636853294207231	0	0	"Streptococcus_australis"
"Phocaeicola_abscessus"	3	39	110.533126135168	0.524096385542169	0.552054794520548	0.044688906379286	0.52681794165018	0.09375	0	"Phocaeicola_abscessus"
"Campylobacter_rectus"	3	10	6.2187219643102	0.815261044176707	0.552054794520548	0.725004137151622	0.536747751029	0.0208333333333333	0.00537634408602151	"Campylobacter_rectus"
"Streptococcus_constellatus"	3	16	5.94181391129254	0.493975903614458	0.505479452054794	0.0279227462614276	0.510807722557038	0.0729166666666667	0	"Streptococcus_constellatus"
"Prevotella_nigrescens"	3	57	448.378086604824	0.847389558232932	0.83013698630137	0.716249419789712	0.501158795453471	0.15625	0	"Prevotella_nigrescens"
"Treponema_bryantii"	4	5	0	0.273092369477912	0	0.295103630602813	0.465838973465016	0	0.0227272727272727	"Treponema_bryantii"
"Corynebacterium_matruchotii"	3	51	667.044184341097	0.901606425702811	0.872602739726027	0.639059453895986	0.655417637161231	0.104166666666667	0.0268817204301075	"Corynebacterium_matruchotii"
"Streptococcus_cristatus"	4	1	0	0.642570281124498	0.621917808219178	0.504608181469597	0.276328098478126	0	0.00454545454545455	"Streptococcus_cristatus"
"Corynebacterium_jeikeium"	4	1	0	0.44578313253012	0	0.459335331274848	0.662594918714884	0	0.00454545454545455	"Corynebacterium_jeikeium"
"Pasteurella_pneumotropica"	2	1	0	0.726907630522088	0.423287671232877	0.621082420132792	0.481036706807017	0	0.00495049504950495	"Pasteurella_pneumotropica"
"Eikenella_corrodens"	2	34	573.37261213838	0.656626506024096	0.797260273972603	0.299139976993401	0.544520582941109	0.0375	0.0396039603960396	"Eikenella_corrodens"
"Parvimonas_micra"	3	29	521.490929926143	0.65863453815261	0.932876712328767	0.37955671933967	0.385468693267624	0.104166666666667	0.00537634408602151	"Parvimonas_micra"
"Scardovia_wiggsiae"	1	16	120.867861028809	0.331325301204819	0.621917808219178	0.0330469617162116	0.288289218656891	0.025	0.0206611570247934	"Scardovia_wiggsiae"
"Aggregatibacter_actinomycetemcomitans"	2	1	0	0.387550200803213	0	0.823794777098343	0.421512332839395	0	0.00495049504950495	"Aggregatibacter_actinomycetemcomitans"
"Fusobacterium_nucleatum"	3	112	2455.27393206012	0.690763052208835	0.972602739726027	0.396339024439466	0.476615478648959	0.229166666666667	0.0483870967741935	"Fusobacterium_nucleatum"
"Mycoplasma_hyosynoviae"	4	2	0	0.402610441767068	0	0.432126495933483	0.450828009989356	0	0.00909090909090909	"Mycoplasma_hyosynoviae"
"Prevotella_corporis"	4	1	0	0.544176706827309	0	0.639080240560231	0.882223453619958	0	0.00454545454545455	"Prevotella_corporis"
"Prevotella_saccharolytica"	3	21	346.386776699393	0.728915662650602	0.693150684931507	0.317905794030393	0.842787742619985	0.03125	0.0161290322580645	"Prevotella_saccharolytica"
"Catonella_morbi"	2	34	329.516140498857	0.977911646586345	0.878082191780822	0.831847591370507	0.834348443771998	0	0.0198019801980198	"Catonella_morbi"
"Actinomyces_massiliensis"	2	10	13.8188644688645	0.919678714859438	0.683561643835616	0.994674375895542	0.680192861325685	0.0125	0.00495049504950495	"Actinomyces_massiliensis"
"Streptococcus_salivarius"	1	17	33.6054637029637	0.789156626506024	0.857534246575342	0.561162539605659	0.487185091392384	0.05	0.00413223140495868	"Streptococcus_salivarius"
"Prevotella_buccae"	3	26	17.6588535273823	0.650602409638554	0.552054794520548	0.431808237977034	0.343276131700043	0.0416666666666667	0	"Prevotella_buccae"
"Fusobacterium_russii"	2	7	23.2044588214723	0.479919678714859	0	0.769282355552865	0.533272908502924	0	0.00495049504950495	"Fusobacterium_russii"
"Alloscardovia_omnicolens"	1	13	118.347606976357	0.0240963855421687	0	0.0702288551189683	0.603364483132432	0.05	0.012396694214876	"Alloscardovia_omnicolens"
"Pseudoramibacter_alactolyticus"	3	20	9.25210093340898	0.140562248995984	0	0.192141127323364	0.285716062153843	0.0208333333333333	0	"Pseudoramibacter_alactolyticus"
"Mogibacterium_timidum"	3	28	33.1331313004937	0.646586345381526	0.552054794520548	0.447279772355755	0.308988617844526	0.03125	0	"Mogibacterium_timidum"
"Streptococcus_mutans"	1	17	61.564519983733	0.923694779116466	0.671232876712329	0.706955460031079	0.807554253846441	0.05	0.012396694214876	"Streptococcus_mutans"
"Streptococcus_thermophilus"	1	21	87.8468736276495	0.706827309236948	0.96986301369863	0.793174607979657	0.252749208353057	0.025	0.00826446280991736	"Streptococcus_thermophilus"
"Propionibacterium_propionicum"	2	14	124.523574918598	0.939759036144578	0.706849315068493	0.749332606809146	0.757619047635544	0.0375	0	"Propionibacterium_propionicum"
"Treponema_pectinovorum"	3	11	90.7766147233987	0.283132530120482	0	0.647617101572118	0.308326112565486	0.0416666666666667	0.00537634408602151	"Treponema_pectinovorum"
"Neisseria_flavescens"	2	11	160.996703296703	0.913654618473896	0.923287671232877	0.945751448003068	0.540594689726743	0.025	0	"Neisseria_flavescens"
"Streptococcus_anginosus"	3	32	156.11614656087	0.126506024096386	0.683561643835616	0.0236135496760913	0.132779062660511	0.104166666666667	0	"Streptococcus_anginosus"
"Leptotrichia_trevisanii"	2	14	417.523911721932	0.895582329317269	0.782191780821918	0.566865149038364	0.875412654299426	0.025	0.0099009900990099	"Leptotrichia_trevisanii"
"Treponema_putidum"	3	3	0	0.208835341365462	0	0.253258662791871	0.357586476279094	0.0208333333333333	0	"Treponema_putidum"
"Leptotrichia_wadei"	3	23	131.403395584346	0.943775100401606	0.938356164383562	0.659015862444754	0.861535235820668	0.0416666666666667	0.010752688172043	"Leptotrichia_wadei"
"Propionigenium_maris"	4	1	0	0.402610441767068	0	0.432126495933483	0.830405252932592	0	0.00454545454545455	"Propionigenium_maris"
"Streptococcus_mitis"	2	17	340.516369496517	0.363453815261044	0.865753424657534	0.201589069847228	0.0899641554904185	0.0125	0.0099009900990099	"Streptococcus_mitis"
"Dialister_micraerophilus"	1	7	0	0.309236947791165	0	0.327098242215092	0.411790101165935	0.025	0	"Dialister_micraerophilus"
"Prevotella_oris"	3	83	1010.48640250714	0.568273092369478	0.887671232876712	0.135013824140784	0.439947150752307	0.145833333333333	0.021505376344086	"Prevotella_oris"
"Peptoniphilus_lacrimalis"	4	2	0	0.359437751004016	0	0.449066719137858	0.379013252453882	0	0.00909090909090909	"Peptoniphilus_lacrimalis"
"Prevotella_timonensis"	4	1	0	0.263052208835341	0	0.562588646041452	0.289958618082986	0	0.00454545454545455	"Prevotella_timonensis"
"Porphyromonas_catoniae"	2	22	211.990036760625	0.993975903614458	0.984931506849315	0.878976004520595	0.908063163006729	0.025	0	"Porphyromonas_catoniae"
"Fusobacterium_canifelinum"	4	2	0	0.118473895582329	0	0.170956388367541	0.1995353275867	0	0.00454545454545455	"Fusobacterium_canifelinum"
"Aggregatibacter_aphrophilus"	2	16	12.7992424242424	0.839357429718876	0.79041095890411	0.634293051603399	0.512867543613523	0.0125	0	"Aggregatibacter_aphrophilus"
"Mannheimia_granulomatis"	2	2	0	0.457831325301205	0	0.749585578494884	0.491152145707961	0.025	0	"Mannheimia_granulomatis"
"Lachnoanaerobaculum_umeaense"	2	12	36.1985958485958	0.997991967871486	0.923287671232877	0.947371193315977	0.905526149597593	0	0.00495049504950495	"Lachnoanaerobaculum_umeaense"
"Eubacterium_infirmum"	3	15	3.11041083099907	0.92570281124498	0.706849315068493	0.694845512704083	0.695234066271452	0.0208333333333333	0	"Eubacterium_infirmum"
"Neisseria_mucosa"	2	1	0	0.86144578313253	0.706849315068493	0.888998809307582	0.521513889582708	0	0	"Neisseria_mucosa"
"Neisseria_dentiae"	2	4	0	0.506024096385542	0	0.684093459264192	0.575136584886987	0.0125	0	"Neisseria_dentiae"
"Haemophilus_pittmaniae"	2	3	0	0.94578313253012	0.720547945205479	0.887581178987306	0.76219607132164	0	0	"Haemophilus_pittmaniae"
"Prevotella_micans"	3	23	14.8915565428723	0.867469879518072	0.591780821917808	0.592866037012371	0.906307685163048	0.03125	0	"Prevotella_micans"
"Treponema_succinifaciens"	3	14	6.0143115942029	0.640562248995984	0.423287671232877	0.313230308167343	0.723068196732184	0.0104166666666667	0	"Treponema_succinifaciens"
"Kingella_denitrificans"	2	2	0.376811594202899	0.853413654618474	0.621917808219178	0.87504924219491	0.552333117464321	0.0125	0	"Kingella_denitrificans"
"Veillonella_denticariosi"	4	2	0	0.734939759036145	0.423287671232877	0.613781457488244	0.503135623039975	0	0	"Veillonella_denticariosi"
"Corynebacterium_durum"	2	15	52.0168893941642	0.909638554216867	0.850684931506849	0.96565145002119	0.57026836257984	0.0375	0.0198019801980198	"Corynebacterium_durum"
"Neisseria_bacilliformis"	1	3	0	0.759036144578313	0.552054794520548	0.445345300801195	0.565320677943029	0	0	"Neisseria_bacilliformis"
"Kingella_oralis"	3	12	8.47001470751471	0.875502008032129	0.821917808219178	0.815539545115134	0.500169606218866	0.0104166666666667	0	"Kingella_oralis"
"Cardiobacterium_hominis"	2	35	205.504579858488	0.969879518072289	0.821917808219178	0.981718835139553	0.829155187367296	0.025	0.0297029702970297	"Cardiobacterium_hominis"
"Actinomyces_bowdenii"	4	1	0	0.303212851405622	0	0.323238279752175	0.399940701919299	0	0.00454545454545455	"Actinomyces_bowdenii"
"Staphylococcus_epidermidis"	4	1	0	0.160642570281124	0	0.432126495933483	0.214144105788273	0	0.00454545454545455	"Staphylococcus_epidermidis"
"Fretibacterium_fastidiosum"	3	59	154.070781502667	0.783132530120482	0.80958904109589	0.579987588545135	0.473688706512106	0.0625	0	"Fretibacterium_fastidiosum"
"Atopobium_vaginae"	1	1	0	0.5	0	0.710697967750399	0.569271183825612	0	0.00413223140495868	"Atopobium_vaginae"
"Streptococcus_peroris"	4	5	0	0.829317269076305	0.645205479452055	0.543676212387237	0.556782740521058	0	0	"Streptococcus_peroris"
"Olsenella_profusa"	3	22	24.2010317295214	0.791164658634538	0.66027397260274	0.852407014994652	0.43923714713143	0.0104166666666667	0	"Olsenella_profusa"
"Lactobacillus_gasseri"	1	13	116.476990245712	0.0682730923694779	0	0.157788238380658	0.136143889061398	0.025	0.00826446280991736	"Lactobacillus_gasseri"
"Selenomonas_artemidis"	3	15	0	0.618473895582329	0.741095890410959	0.170283949869831	0.626393449068243	0	0	"Selenomonas_artemidis"
"Streptococcus_infantis"	2	8	0	0.763052208835341	0.749315068493151	0.354649855704224	0.796974808504516	0	0	"Streptococcus_infantis"
"Prevotella_histicola"	1	33	66.9655303492804	0.775100401606426	0.978082191780822	0.348705374260863	0.81456712170537	0	0.00826446280991736	"Prevotella_histicola"
"Aggregatibacter_segnis"	2	33	172.696933757684	0.885542168674699	0.865753424657534	0.950189299913221	0.49918182372936	0.0125	0.0099009900990099	"Aggregatibacter_segnis"
"Haemophilus_haemoglobinophilus"	2	1	0	0.548192771084337	0	0.975387176848096	0.648200698004524	0.0125	0	"Haemophilus_haemoglobinophilus"
"Streptococcus_suis"	4	6	0	0.58433734939759	0.591780821917808	0.246262537587536	0.304762548779526	0	0	"Streptococcus_suis"
"Ruminofilibacter_xylanolyticum"	3	10	0.166666666666667	0.228915662650602	0	0.455392323061089	0.267169949151034	0.0104166666666667	0	"Ruminofilibacter_xylanolyticum"
"Prevotella_multiformis"	3	23	9.31901244890375	0.317269076305221	0	0.340481120461747	0.567657062005795	0.0208333333333333	0	"Prevotella_multiformis"
"Neisseria_canis"	2	15	0	0.757028112449799	0.423287671232877	0.589109806058404	0.801852140840445	0	0	"Neisseria_canis"
"Centipeda_periodontii"	3	13	6.60340262183432	0.696787148594378	0.731506849315068	0.275112510342879	0.899640974157983	0.0104166666666667	0	"Centipeda_periodontii"
"Actinomyces_israelii"	3	17	3.78104575163399	0.0261044176706827	0	0.0717164133922625	0.560981535831387	0.0104166666666667	0	"Actinomyces_israelii"
"Actinomyces_naeslundii"	3	23	49.2395171008329	0.610441767068273	0.731506849315068	0.626423886500777	0.158711961556199	0.0104166666666667	0	"Actinomyces_naeslundii"
"Streptococcus_lactarius"	4	5	0	0.955823293172691	0.693150684931507	0.97207069483966	0.93674836551133	0	0	"Streptococcus_lactarius"
"Capnocytophaga_gingivalis"	2	9	0	0.965863453815261	0.928767123287671	0.763404774878408	0.898750306013062	0	0	"Capnocytophaga_gingivalis"
"Prevotella_loescheii"	3	37	172.236613125872	0.931726907630522	0.865753424657534	0.656274343605578	0.807616942108782	0.0416666666666667	0	"Prevotella_loescheii"
"Bergeriella_denitrificans"	4	4	0	0.463855421686747	0	0.501942745857803	0.558423364123715	0	0	"Bergeriella_denitrificans"
"Paludibacter_propionicigenes"	4	3	0	0.0983935742971888	0	0.647011362031039	0.151511000817124	0	0	"Paludibacter_propionicigenes"
"Veillonella_tobetsuensis"	2	5	0	0.893574297188755	0.621917808219178	0.736299570139856	0.664846567597666	0	0	"Veillonella_tobetsuensis"
"Prevotella_oulorum"	3	27	22.4587169815306	0.93574297188755	0.894520547945206	0.619283263708099	0.931301576808862	0.0104166666666667	0	"Prevotella_oulorum"
"Atopobium_rimae"	3	48	142.069164388243	0.678714859437751	0.79041095890411	0.28931151742649	0.645968597591937	0.0104166666666667	0.00537634408602151	"Atopobium_rimae"
"Scardovia_inopinata"	1	3	0	0.377510040160643	0	0.438250993925451	0.398788703927594	0	0	"Scardovia_inopinata"
"Selenomonas_dianae"	3	43	32.6763049317025	0.8714859437751	0.683561643835616	0.559026558495288	0.763313160355225	0.0104166666666667	0	"Selenomonas_dianae"
"Streptococcus_pseudopneumoniae"	4	1	0	0.295180722891566	0	0.641155375269924	0.313850881497335	0	0	"Streptococcus_pseudopneumoniae"
"Treponema_maltophilum"	3	52	16.7768101179866	0.620481927710843	0.66027397260274	0.466934269742286	0.252003633182758	0.0104166666666667	0	"Treponema_maltophilum"
"Treponema_vincentii"	3	17	0	0.887550200803213	0.720547945205479	0.739556416621259	0.574348447266076	0	0	"Treponema_vincentii"
"Butyrivibrio_proteoclasticus"	4	5	0	0.383534136546185	0	0.621082420132792	0.411989026051916	0	0	"Butyrivibrio_proteoclasticus"
"Haemophilus_haemolyticus"	2	5	0	0.857429718875502	0.698630136986301	0.691542047587334	0.520523489462774	0	0	"Haemophilus_haemolyticus"
"Johnsonella_ignava"	3	37	0	0.755020080321285	0.505479452054794	0.462497225081229	0.905433009324434	0	0	"Johnsonella_ignava"
"Lactobacillus_helveticus"	1	1	0	0.194779116465863	0	0.237121854251176	0.315300019630139	0	0	"Lactobacillus_helveticus"
"Moryella_indoligenes"	4	16	71.2407689532689	0.590361445783133	0	0.855840043591451	0.855653891186718	0.0161290322580645	0	"Moryella_indoligenes"
"Stomatobaculum_longum"	4	14	0	0.889558232931727	0.947945205479452	0.465006558898912	0.958744367935132	0	0	"Stomatobaculum_longum"
"Veillonella_caviae"	4	4	0	0.616465863453815	0.552054794520548	0.908580351556982	0.205356929614582	0	0	"Veillonella_caviae"
"Lactobacillus_casei"	1	1	0	0.0301204819277108	0	0.164343807390365	0.0760944284532473	0	0	"Lactobacillus_casei"
"Actinomyces_funkei"	4	1	0	0.417670682730924	0	0.432126495933483	0.723243573315597	0	0	"Actinomyces_funkei"
"Peptostreptococcus_anaerobius"	4	2	0	0.186746987951807	0	0.64339771144881	0.224379619134942	0	0	"Peptostreptococcus_anaerobius"
"Lactobacillus_rhamnosus"	4	1	0	0.0140562248995984	0	0.225892212064338	0.0444223462770513	0	0	"Lactobacillus_rhamnosus"
"Vagococcus_lutrae"	4	1	0	0.389558232931727	0	0.426266472926883	0.431673114409752	0	0	"Vagococcus_lutrae"
"Bifidobacterium_longum"	5	2	0	0.596385542168675	0.423287671232877	0.241849609493249	0.386770514156823	NA	0	"Bifidobacterium_longum"
"Necropsobacter_rosorum"	4	9	0	0.106425702811245	0	0.432126495933483	0.161723788620603	0	0	"Necropsobacter_rosorum"
"Haemophilus_parasuis"	4	1	0	0.497991967871486	0	0.618705172448588	0.568812022775421	0	0	"Haemophilus_parasuis"
